-3.3329999e-20 6.10193660134e-13
6.6666663e-13 7.83069008577e-13
1.3333333e-12 1.00380610621e-12
2e-12 1.28533722513e-12
2.6666666e-12 1.64399984522e-12
3.3333333e-12 2.10040926706e-12
4e-12 2.68054763731e-12
4.6666666e-12 3.41712266003e-12
5.3333333e-12 4.35126039155e-12
6e-12 5.5346100717e-12
6.6666666e-12 7.03196045286e-12
7.3333333e-12 8.92448731053e-12
8e-12 1.13137762001e-11
8.6666666e-12 1.43268042168e-11
9.3333333e-12 1.81221004961e-11
1e-11 2.28973484565e-11
1.0666667e-11 2.8898769311e-11
1.1333333e-11 3.64326534319e-11
1.2e-11 4.58796248714e-11
1.2666667e-11 5.77120317795e-11
1.6e-11 1.78755887113e-10
2.2666667e-11 1.57781932684e-09
2.9333333e-11 1.24623260938e-08
3.6e-11 8.80817919646e-08
4.2666667e-11 5.57080843782e-07
4.9333333e-11 3.15279150307e-06
5.6e-11 1.59667838978e-05
6.2666667e-11 7.23576904016e-05
6.9333333e-11 0.000293424862638
7.6e-11 0.00106476623667
8.2666667e-11 0.00345745618792
8.9333333e-11 0.0100462524345
9.6e-11 0.0261214098539
1.0266667e-10 0.0607763126125
1.0933333e-10 0.126536742162
1.16e-10 0.235746076556
1.2266667e-10 0.393022403997
1.2933333e-10 0.586320294481
1.36e-10 0.782704538242
1.4266667e-10 0.934987460409
1.4933333e-10 0.999444593184
1.56e-10 0.955997481833
1.6266667e-10 0.81827594261
1.6933333e-10 0.626740900178
1.76e-10 0.429557358211
1.8266667e-10 0.263450664215
1.8933333e-10 0.144584876809
1.96e-10 0.0710053537396
2.0266667e-10 0.0312035733239
2.0933333e-10 0.0122705271201
2.16e-10 0.00431784000763
2.2266667e-10 0.0013596116641
2.2933333e-10 0.000383097297295
2.36e-10 9.65934137222e-05
2.4266667e-10 2.17936991206e-05
2.4933333e-10 4.4000790068e-06
